SVHN

10 teachers (gamma, data_dep_eps, data_ind_eps)
Tried with moments [4, ..., 9]

0.05
[248.93370563879742, 248.71056208748323, 248.52824053068926, 248.374089850862, 248.24055845823747, 248.1227754225811]
[248.93370563888016, 248.71056208756596, 248.528240530772, 248.37408985094473, 248.2405584583202, 248.12277542266384]
0.1
[773.4083334330448, 773.1851898817306, 773.0028683249367, 772.8487176451094, 772.715186252485, 772.5974032168285]
[999.8937056388803, 999.670562087566, 999.4882405307721, 999.3340898509449, 999.2005584583204, 999.082775422664]
0.2
[687.5689979355699, 687.3458543842556, 687.1635328274617, 687.0093821476345, 686.87585075501, 686.7580677193536]
[4003.733705638881, 4003.5105620875665, 4003.3282405307727, 4003.1740898509456, 4003.040558458321, 4002.9227754226645]
0.3
[588.4033833369296, 588.1802397856153, 587.9979182288214, 587.8437675489942, 587.7102361563697, 587.5924531207132]
[9010.13370563888, 9009.910562087567, 9009.728240530772, 9009.574089850945, 9009.44055845832, 9009.322775422665]
0.4
[746.9108752764124, 746.6877317250982, 746.5054101683043, 746.351259488477, 746.2177280958525, 746.0999450601961]
[16019.093705638883, 16018.87056208757, 16018.688240530775, 16018.534089850948, 16018.400558458323, 16018.282775422667]
0.5
[775.9637163191412, 775.740572767827, 775.558251211033, 775.4041005312058, 775.2705691385813, 775.1527861029249]
[25030.61370563888, 25030.390562087567, 25030.20824053077, 25030.054089850946, 25029.92055845832, 25029.802775422664]

____

100 teachers (gamma, data_dep_eps, data_ind_eps)
Tried with moments [4, ..., 9]

